A05: -29.494882912368027
A06: 3.7578050417889286
A07: 129.62872829613474
A08: 170.39055292370625
A09: -5.061580641913501
A10: -52.171893935254744
B06: 64.54407356904304
B07: 130.70344912154485
B08: -128.2982755191172
B09: 43.88670475282232
B10: 110.61712351168697
C05: -54.05449898144263
C06: 54.24491831609504
C07: 11.036567723739926
C08: 165.6406369606608
C09: -79.50022009923165
C10: -166.24890656291547
D05: 106.07860866476987
D06: 99.58715084416404
D07: -98.35951281203438
D08: -8.17888931464644
D09: 81.39863038549531
D10: -104.9311848366496
E05: 55.275290786673565
E06: -140.0011941838647
E07: -34.31369860109944
E08: -61.421962865791976
E09: 3.4139688997118185
E10: 27.888900488258077
F05: -19.25987098451987
F06: 116.84912151249547
F07: -30.257682080860892
F08: -81.24436399330718
F09: 53.37794345162227
F10: 36.51082164640311
G05: 97.41181584006127
G06: -1.0080936584138365
G07: 84.73153188970502
G08: 66.94241860513164
G09: -121.21413822671418
G10: 99.33255872673851
