A01: 117.84600693857627
A02: -178.37721723440046
A03: -38.11667875969501
A04: 173.20588844580575
A05: 39.36496149431705
A06: -64.20378807247117
A07: -91.74607669981019
A08: -42.163161631140824
A09: 82.58172398195768
A10: -82.16828550116105
A11: -3.9104451710329786
A12: 151.30849050258846
A13: 15.649938932239793
A14: -45.960808299615536
A15: -92.6053410917345
A16: 154.025278780224
A17: 123.80737903806613
A18: 178.1857210153029
A19: -45.4164204666678
A20: 166.9754733973805
B01: -13.707507996234728
B02: 67.71504994205347
B03: -115.19121843116002
B04: 147.05527056486042
B05: -18.43755517444572
B06: -147.93369882919788
B07: 177.40291828606343
B08: -120.26441768735914
B09: 35.219154165370554
B10: -84.90743951154822
B11: 10.156622629440129
B12: 120.11442991601982
B13: -47.97423501466279
B14: -125.02751328967983
B15: 73.10904090231512
B16: -77.29101438080966
B17: -117.80829236645208
B18: -45.0296694089749
B19: 135.00864231175922
B20: 49.066993284492305
C01: -53.79919385359561
C02: 55.41558985934224
C03: -72.22453057341012
C04: -98.8883549568274
C05: 52.10692305249981
C06: -114.69577961865765
C07: -159.89047270177736
C08: -78.79152406336509
C09: 120.35108856785152
C10: 60.032690589467755
C11: 176.64144729610314
C12: -132.62242642720267
C13: 14.33026131923866
C14: -84.96160688279275
C15: -73.99054060610862
C16: 65.17883663935316
C17: 3.9171279200115494
C18: 113.38436993310962
C19: 14.273022886403348
C20: 30.545358530897552
D01: 135.60149143704828
D02: -75.07166970317904
D03: -129.88902167785253
D04: -73.59924111176444
D05: 27.88507472492754
D06: 175.41390866189585
D07: 116.71465847330518
D08: -138.3180780024832
D09: 113.1459791677381
D10: 118.35874554937872
D11: -102.89933031832832
D12: -114.82324962443133
D13: -19.70388450985706
D14: -146.2469871094793
D15: -70.3758452750497
D16: -97.96414064004999
D17: 139.86404939566916
D18: -7.30189146212674
D19: 69.41888334530319
D20: -108.69795077265377
E01: 174.3066929654062
E02: -13.893001109218027
E03: -31.78555918345345
E04: 61.801229907962316
E05: 141.5590014515927
E06: -92.37629575586833
E07: -157.72040168654098
E08: -41.1049897569288
E09: -125.54477926977395
E10: -92.5130382783158
E11: 55.11969498651073
E12: 17.38337668455556
E13: 89.48166858631089
E14: -49.87728120888749
E15: -167.32548269088088
E16: -64.89622332946354
E17: -19.164248635798067
E18: 105.06034967631302
E19: 16.992680766790787
E20: -52.281260934467205
F01: -63.136611797880256
F02: 76.93396933537747
F03: 6.087644872899431
F04: 45.19181581349952
F05: 156.80541171277508
F06: -45.98383211951343
F07: -101.75312633884198
F08: -1.9431447228151024
F09: -121.45637301512213
F10: -129.4143196561195
F11: 5.011039468256291
F12: 5.477040727294683
F13: 111.26818742285268
F14: -9.495334215950354
F15: 138.5538985047589
F16: 162.32697930478577
F17: 61.48586400538564
F18: -121.00763223652511
F19: -95.75232537178323
F20: 45.30097131077402
G01: 178.28298692311293
G02: -79.69505419090147
G03: 138.71405222276886
G04: 94.74612486256608
G05: -103.74949218700286
G06: 98.66577433106268
G07: 56.10948433003011
G08: 132.51820258227286
G09: -39.056845119022036
G10: -113.64221267282126
G11: -2.0623597499700397
G12: 62.636211775556454
G13: -139.5070685200846
G14: 126.69798973407558
G15: 131.50700806152807
G16: -49.93416422043147
G17: -99.37457059776109
G18: -10.745649688151618
G19: -154.6862624416921
G20: 166.94005280253958
