A01: 79.54638671875
A02: 144.66525268554688
A03: -88.1766357421875
A04: 159.3986358642578
A05: 62.67979049682617
A06: -27.330665588378906
A07: -81.13929748535156
A08: -34.903926849365234
A09: 142.8193359375
A10: -77.88916778564453
A11: 46.329322814941406
A12: 7.213046550750732
A13: 48.97406005859375
A14: -20.43868637084961
A15: -136.48687744140625
A16: 119.18329620361328
A17: 99.99681854248047
A18: 164.60472106933594
A19: -46.6154899597168
A20: -177.82818603515625
B01: 6.612276554107666
B02: 41.96669006347656
B03: -152.42893981933594
B04: 103.87921905517578
B05: -59.40038299560547
B06: -159.45748901367188
B07: -175.76011657714844
B08: -93.18416595458984
B09: 47.21634292602539
B10: -57.273101806640625
B11: 59.26021194458008
B12: 158.5754852294922
B13: -16.892749786376953
B14: -85.90033721923828
B15: -37.42133712768555
B16: -110.35179138183594
B17: -138.0821990966797
B18: -53.57933807373047
B19: 136.41485595703125
B20: 70.55422973632812
C01: -104.76840209960938
C02: -6.825561046600342
C03: -110.4481201171875
C04: -138.77049255371094
C05: 27.187929153442383
C06: -112.83079528808594
C07: -142.22703552246094
C08: -32.615478515625
C09: 172.53829956054688
C10: 112.32121276855469
C11: -122.49803161621094
C12: -93.376953125
C13: 58.11327362060547
C14: -26.20379066467285
C15: 31.054615020751953
C16: 23.84683609008789
C17: -117.12837982177734
C18: -62.84019470214844
C19: 33.870662689208984
C20: -96.88027954101562
D01: 79.08370208740234
D02: -128.67112731933594
D03: 91.77761840820312
D04: -101.99189758300781
D05: 32.95904541015625
D06: -153.84999084472656
D07: 147.2246856689453
D08: -77.24830627441406
D09: 174.733642578125
D10: -167.91397094726562
D11: -34.080631256103516
D12: -46.106231689453125
D13: 41.49606704711914
D14: -65.5422592163086
D15: -93.71668243408203
D16: -156.12094116210938
D17: 118.59062957763672
D18: -165.2790069580078
D19: 109.48188018798828
D20: -57.73894119262695
E01: 114.74950408935547
E02: -74.12507629394531
E03: -67.66822052001953
E04: 55.9283332824707
E05: 166.11651611328125
E06: -55.5050163269043
E07: -81.13514709472656
E08: 54.45952224731445
E09: -30.928266525268555
E10: -9.776780128479004
E11: 144.9772491455078
E12: 93.76371765136719
E13: -175.06605529785156
E14: 53.466514587402344
E15: 134.97300720214844
E16: 39.68431854248047
E17: -10.95810604095459
E18: 167.44313049316406
E19: -154.1988067626953
E20: 119.19178009033203
F01: -89.51656341552734
F02: 39.61552810668945
F03: 8.070311546325684
F04: 33.86747360229492
F05: -164.34695434570312
F06: 4.8256096839904785
F07: -52.79707717895508
F08: 60.53404998779297
F09: -56.06496810913086
F10: -30.01400375366211
F11: 83.02438354492188
F12: 93.32125091552734
F13: -168.5667266845703
F14: 78.92425537109375
F15: 103.74993133544922
F16: 152.50177001953125
F17: 84.20813751220703
F18: -71.31807708740234
F19: -30.46057891845703
F20: 117.30362701416016
G01: -172.86199951171875
G02: -76.84528350830078
G03: 128.1641845703125
G04: 91.01011657714844
G05: -100.71227264404297
G06: 154.42294311523438
G07: 75.9805679321289
G08: -170.3619384765625
G09: 29.114154815673828
G10: -23.706817626953125
G11: 72.16828155517578
G12: 152.86285400390625
G13: -51.669471740722656
G14: -150.15826416015625
G15: -29.065021514892578
G16: -44.483673095703125
G17: -154.94491577148438
G18: 26.224761962890625
G19: -100.40046691894531
G20: -134.62704467773438
