folder: FRIIS-0
aggregation: mean
grid_res_m: 0.03260869565217391
target_location: 3.282000, 1.751000, 0.2526
max_power_uW: 43.248012
max_cell_center_m: 3.348459, 1.737921
max_cell_index: 10, 9
max_cell_count: 32
target_cell_index: 9, 9
target_cell_center_m: 3.283242, 1.737921
target_power_uW: 40.264602
target_cell_count: 54
