folder: RECI-merged
aggregation: mean
grid_res_m: 0.03260869565217391
target_location: 3.282000, 1.751000, 0.2526
max_power_uW: 58.438827
max_cell_center_m: 3.317110, 1.739092
max_cell_index: 48, 50
max_cell_count: 3352
total_samples: 64947
sum_counts: 64947
cells_total: 9504
cells_nonzero: 7729
min_cell_count: 1
max_cell_count_all: 3352
target_cell_index: 45, 51
target_cell_center_m: 3.277980, 1.752135
target_power_uW: 49.203972
target_cell_count: 25
