folder: smc0-0
aggregation: mean
grid_res_m: 0.03260869565217391
target_location: 3.279058, 1.749359, 0.2528133087158203
max_power_uW: 52.861308
max_cell_center_m: 2.944503, 1.820342
max_cell_index: 39, 104
max_cell_count: 0
target_cell_index: 90, 93
target_cell_center_m: 3.277112, 1.748603
target_power_uW: 0.000484
target_cell_count: 0
