folder: BALL-MAX-20260108095400
aggregation: mean
grid_res_m: 0.03260869565217391
target_location: 3.282000, 1.751000, 0.2526
max_power_uW: 14.887306
max_cell_center_m: 3.007845, 1.740015
max_cell_index: 6, 9
max_cell_count: 225
total_samples: 3278
cells_total: 420
cells_nonzero: 397
min_cell_count: 1
max_cell_count_all: 225
target_cell_index: 10, 9
target_cell_center_m: 3.268714, 1.740015
target_power_uW: 5.991431
target_cell_count: 225
