folder: BALL-MAX-20260108095400
aggregation: mean
grid_res_m: 0.03260869565217391
target_location: 3.279058, 1.749359, 0.2528133087158203
max_power_uW: 21.267564
max_cell_center_m: 2.786106, 1.779146
max_cell_index: 15, 50
max_cell_count: 0
target_cell_index: 53, 48
target_cell_center_m: 3.281758, 1.753059
target_power_uW: 6.101502
target_cell_count: 201
