folder: BALL-MAX-20260108121340
aggregation: mean
grid_res_m: 0.03260869565217391
target_location: 3.279058, 1.749359, 0.2528133087158203
max_power_uW: 11.063471
max_cell_center_m: 3.278171, 2.131750
max_cell_index: 96, 155
max_cell_count: 0
target_cell_index: 96, 96
target_cell_center_m: 3.278171, 1.746967
target_power_uW: 0.279193
target_cell_count: 11
