folder: energy-ball-A
aggregation: mean
grid_res_m: 0.03260869565217391
target_location: 3.279058, 1.749359, 0.2528133087158203
max_power_uW: 15.703266
max_cell_center_m: 3.187967, 1.699099
max_cell_index: 89, 90
max_cell_count: 0
target_cell_index: 103, 98
target_cell_center_m: 3.279271, 1.751273
target_power_uW: 2.414916
target_cell_count: 0
