folder: RANDOM-1
aggregation: mean
grid_res_m: 0.03260869565217391
target_location: 3.282000, 1.751000, 0.2526
max_power_uW: 1.269798
max_cell_center_m: 2.696507, 2.390201
max_cell_index: 0, 19
max_cell_count: 60
total_samples: 10369
cells_total: 400
cells_nonzero: 381
min_cell_count: 2
max_cell_count_all: 60
target_cell_index: 9, 9
target_cell_center_m: 3.283464, 1.738027
target_power_uW: 0.855960
target_cell_count: 41
