folder: RANDOM-1
aggregation: mean
grid_res_m: 0.03260869565217391
target_location: 3.279058, 1.749359, 0.2528133087158203
max_power_uW: 1.537600
max_cell_center_m: 3.257377, 1.711940
max_cell_index: 45, 45
max_cell_count: 1
target_cell_index: 47, 48
target_cell_center_m: 3.283464, 1.751071
target_power_uW: 0.935089
target_cell_count: 0
