folder: RECI-1
aggregation: mean
grid_res_m: 0.03260869565217391
target_location: 3.282000, 1.751000, 0.2526
max_power_uW: 57.658963
max_cell_center_m: 3.308004, 1.717795
max_cell_index: 21, 22
max_cell_count: 44
total_samples: 22374
sum_counts: 22374
cells_total: 2256
cells_nonzero: 2234
min_cell_count: 2
max_cell_count_all: 44
target_cell_index: 19, 25
target_cell_center_m: 3.281917, 1.756926
target_power_uW: 48.942554
target_cell_count: 12
