folder: RECI-1
aggregation: mean
grid_res_m: 0.03260869565217391
target_location: 3.279058, 1.749359, 0.2528133087158203
max_power_uW: 59.369243
max_cell_center_m: 3.308409, 1.693145
max_cell_index: 21, 20
max_cell_count: 1
target_cell_index: 19, 24
target_cell_center_m: 3.282322, 1.745319
target_power_uW: 53.417741
target_cell_count: 1
