folder: RECI-1
aggregation: mean
grid_res_m: 0.03260869565217391
target_location: 3.282000, 1.751000, 0.2526
max_power_uW: 54.852499
max_cell_center_m: 3.321453, 1.719232
max_cell_index: 4, 4
max_cell_count: 41
total_samples: 2400
cells_total: 100
cells_nonzero: 100
min_cell_count: 6
max_cell_count_all: 41
target_cell_index: 3, 4
target_cell_center_m: 3.256235, 1.719232
target_power_uW: 37.968199
target_cell_count: 23
